000000000000000000000000000000
000000000000000000000000000000
000000000000000000000000000000
000000000000000000000000000000
000000111111111011111111000000
000000000000000000000000000000
000000000000000000000000000000
000000000000000000000000000000
000000000000011111100000000000
000000000000000000000000000000
000000000011000000000000000000
000000000000001111000000100000
000000000000000000001100000000
000000000000000000000000000000
000000000000000000000000000000
000000000000000000000000000000
000000011111111100000000000000
000000000000000000000000000000
000000000000000000000000000000
000000000000001111000000000000
111100000000000000000000000000
000000000000000000000000000000
000000000000000000000000000000
000000111000000111111100000000
000000000000000000000000000000
000000111000000000000000000000
000000000111111111000000000000
000000000000000000000000000000
000000000000000000000000000000
000000000000000000000000000000

